#Tendência temporal do número de resenhas

Year	Month	count|
2007	8	    1    |
2008	4	    1    |
2008	9	    1    |
2008	12	  1    |
2009	3	    1    |
2009	4	    2    |
2009	5	    2    |
2009	7	    1    |
2009	8	    2    |
2009	10	  1    |
2010	1	    2    |
2010	3	    1    |
2010	4	    4    |
2010	6	    2    |
2010	7	    2    |
------------------

#Tendência da média de Ratings por período
Year	Month	Average_Rating|
2007	8	    4             |
2008	4	    5             |
2008	9	    3             |
2008	12	  5             |
2009	3	    5             |
2009	4	    4.5           |
2009	5	    5             |
2009	7	    4             |
2009	8	    5             |
2009	10	  5             |
2010	1	    5             |
2010	3	    4             |
2010	4	    4.5           |
2010	6	    5             |
2010	7	    4             |
---------------------------

#Distribuição de Ratings por data
Year	Month	Numeric_Rating	count|
2007	8	    4	              1    |
2008	4	    5	              1    |
2008	9	    3	              1    |
2008	12	  5	              1    |
2009	3	    5	              1    |
2009	4	    4	              1    |
2009	4	    5	              1    |
2009	5	    5	              2    |
2009	7	    4	              1    |
2009	8	    5	              2    |
2009	10	  5	              1    |
2010	1	    5	              2    |
2010	3	    4	              1    |
2010	4	    4	              2    |
2010	4	    5 	            2    |
----------------------------------
